Tripeptide_cg.txt
1
100
5
200

2
2 20 20 1 
        6.000000e-01         1.436782e-02         6.000000e-01         1.436782e-02         0.000000e+00         5.877119e+00 
1000
  -1.512666e+00    6.307183e-01   -2.123060e+00   -4.058167e-01   -1.814592e+00   -2.005605e+00    6.615884e-01   -3.766270e-01    4.624733e-03    1.911158e-01   -3.379020e-01   -1.604841e+00    2.872850e-02   -1.170607e-01   -2.896511e-01    9.263194e-01   -2.257553e-01   -1.422226e+00    1.421223e+00   -8.603241e-01 
   9.434357e-01    8.044091e-01    7.211671e-01    6.421078e-01   -1.755908e-01    7.922469e-03   -7.507623e-01   -3.371538e-01   -6.730178e-01    4.356426e-01   -1.783879e-02   -9.502352e-01   -1.784282e-01    1.016604e+00    2.819711e-02    4.231816e-01    1.743046e+00    8.341644e-01    3.081325e-02   -9.721002e-01 
   1.605303e-02    1.787327e-02    2.220087e-01    1.637488e+00   -6.562633e-01    1.269579e+00   -8.909552e-01   -9.026236e-01   -7.127095e-01   -1.348000e-01   -4.281935e-01   -7.543454e-01   -1.464676e+00    7.238092e-01   -1.451989e+00   -4.284814e-01    2.536823e-01    9.938540e-01    2.480979e-01   -2.576448e-01 


   8.748605e-01   -1.264234e+00    2.599083e+00   -2.174707e+00   -3.493657e+00   -5.093663e-01    1.555970e+00   -7.749591e-01   -1.787988e+00   -3.606290e-01   -7.427764e-01    1.856504e+00   -2.039598e-01    5.331963e-01    1.085767e-01   -1.424235e+00    8.525849e-01   -1.539839e+00    1.025750e+00    1.371103e+00 
   9.702720e-01   -1.689845e+00   -1.150168e-01   -2.327738e-02    4.586452e-01    7.252963e-01    1.852773e-01    1.209031e+00   -9.309411e-01   -6.142130e-01    5.923210e-03    4.198272e-01    3.594801e-01    1.766721e+00    1.284918e+00   -1.722919e+00   -7.320320e-01    1.735203e+00   -1.636384e+00   -1.822675e+00 
   2.216507e-01   -1.096665e-01   -8.997613e-01   -1.220434e+00    2.480605e+00    6.345151e-01    5.806992e-01    1.600590e+00    1.343269e+00   -2.247761e-01   -3.015902e-01   -5.360667e-01   -1.393987e+00    6.801848e-01   -7.907557e-01    8.312296e-01   -8.547830e-01   -8.553542e-01    3.441911e-01   -1.452062e+00 
   1.081146e+00    4.709198e-01    6.521261e-01   -1.660977e-01    1.264347e+00    9.771175e-01    2.237331e-03   -1.011647e+00    1.949149e+00   -4.409394e-01   -1.515403e+00    7.613464e-03   -1.357946e+00    1.275811e-01   -1.925691e+00    1.452995e+00    5.634675e-01   -2.281054e+00    5.006036e-01    7.258270e-02 
   8.833554e-01   -3.734176e-01   -4.225591e-01    9.651741e-02    1.486375e+00    4.602391e-01    3.379118e-01    1.432515e-01   -3.569376e-01   -2.060145e-02   -5.475815e-01   -9.177537e-01   -7.650755e-01   -4.676681e-01   -1.782175e+00   -6.234527e-01    3.063690e-01   -5.190134e-01   -7.897825e-01    5.204881e-02 
   5.076309e-01    1.250650e+00   -6.497405e-02   -1.262163e+00   -1.517229e-01    2.655967e+00    1.408524e+00   -3.349895e-01    1.959487e+00   -6.424552e-01   -1.027211e+00   -8.135448e-01   -1.221324e+00    1.125041e+00   -1.253647e+00   -8.555105e-02   -6.981137e-01   -1.443587e+00    8.582638e-01    5.569458e-01 
   3.045879e-01    5.787875e-01    9.750605e-02    1.127539e+00   -1.809384e-01   -1.182457e+00   -2.571171e+00   -1.068453e+00   -1.065671e+00    1.245536e-01    1.215232e+00    7.086860e-01    1.675792e-01    7.884204e-01    1.031015e+00   -1.118948e+00   -8.981140e-01    1.165698e+00    2.520167e-01    9.063467e-01 
   5.875612e-01   -1.004593e-01   -1.425603e+00    4.903335e-01    2.339644e-01   -3.657519e-01   -9.535765e-01    5.064264e-01    5.526617e-01   -3.997133e-01   -1.745227e-01   -4.457559e-01   -9.659260e-01    6.284750e-01   -3.318268e-01    8.915467e-01   -5.171667e-01   -4.328280e-01    8.463043e-01   -8.007523e-01 
   6.147499e-01   -9.166307e-01   -5.734615e-01    9.840132e-01   -4.069380e-01    7.561689e-01    1.171317e+00   -1.669878e+00    1.477296e+00   -3.239313e-01   -1.163427e-01   -2.360624e-01    2.281416e+00    7.536270e-02   -5.965835e-01    5.001099e-02    8.937736e-01   -1.882333e-02   -1.161992e+00    5.108320e-01 
   4.287216e-01    1.231165e+00   -1.346644e+00    2.817936e-01    3.017593e-01    2.057375e-01    3.350758e-01   -5.723263e-01    1.398013e+00   -1.421075e-01   -3.199104e-01   -9.701496e-01    1.248539e+00    6.123102e-01   -2.433421e-01    9.729208e-01   -4.230088e-01   -1.276990e-01    7.470594e-02   -3.285171e-01 
   1.078111e+00    7.798413e-01   -1.824019e+00   -3.446829e-01    3.506724e+00    1.475824e+00   -9.179310e-01   -3.781070e-01    1.868811e-01   -7.254900e-01   -9.214057e-02   -1.672649e+00    2.601262e+00    4.514229e-02    1.201203e-01    1.670440e+00   -1.362431e+00    7.575577e-02    6.249733e-01   -2.343258e+00 
   9.589720e-01    1.514304e+00    2.616380e-02    8.754690e-01    2.031538e+00   -8.276902e-01   -2.785352e+00    3.069990e+00    2.127425e-01   -2.219686e-01    1.678911e+00    3.698138e-01   -1.324331e+00   -1.353496e+00   -9.586374e-02    4.324971e-01   -1.992435e+00    2.951351e-01    1.687983e-02   -1.722670e+00 
   1.769855e-01   -2.518815e-01   -8.188312e-01    9.878147e-01   -3.490205e-01   -1.399824e+00    3.828285e-01    1.147372e+00   -3.675903e-02   -1.106115e-01   -6.360303e-02   -1.479432e+00    1.033747e+00   -1.185569e+00    7.972851e-01    1.557508e+00    8.628290e-01    1.373611e+00   -7.437796e-01   -6.359323e-01 
   7.375563e-01    4.002555e-01   -1.065871e+00    5.669176e-01    1.659940e+00   -1.395011e+00   -2.036777e+00   -5.716543e-01   -1.030696e+00   -4.098162e-01    1.878404e+00   -9.246160e-01   -5.352101e-01    9.594888e-02    7.598059e-02    1.046514e-01   -1.879852e+00    7.531646e-01   -1.512433e-01   -1.620879e-01 
   8.501202e-01   -1.981734e-01   -1.300016e+00   -1.021616e+00   -3.596639e-01   -5.115221e-02   -4.034467e-01    2.452050e-01    1.068883e+00   -5.864665e-01   -1.917760e-01   -1.010948e+00    1.057735e+00    1.008674e+00   -9.107219e-01   -4.519863e-01    2.485769e-01    6.085685e-01    3.942525e-01    7.110865e-01 
   7.728161e-01    2.046287e+00   -3.041089e-01    1.122326e-01   -1.242238e+00    4.866467e-01   -3.637679e-01    1.215343e+00   -1.141805e+00    3.601223e-02    4.677332e-01    3.528692e-01    1.342528e+00   -1.879189e+00    9.191958e-01    8.236253e-01    1.526655e-01    8.891666e-01   -8.326235e-01   -1.352606e+00 
   1.158745e+00    3.624857e-01    1.064616e+00    6.014574e-01   -2.355144e-01    2.334414e-01   -5.036482e-01    9.719157e-01    1.263645e+00   -2.082779e-01   -1.870294e+00    5.833024e-01   -2.657212e+00    1.009220e+00    4.000662e-01   -1.170839e+00    1.553478e+00    7.763573e-01    9.507263e-01    1.869589e+00 
   2.082033e-01   -3.099244e-01   -2.280698e-01   -7.115047e-02   -2.881440e-01   -9.619131e-01    1.358228e-01   -2.571192e-01   -2.731361e-01   -1.955257e-01    5.277276e-01   -4.961392e-01    2.047007e-01   -3.187075e-01    1.185831e-01   -2.944921e-01   -3.046354e-01   -7.752260e-02   -4.359957e-01   -1.425486e-01 
   1.021228e+00    8.081905e-01   -1.345973e-01    8.163116e-01    5.349509e-02    3.571369e-01    2.631156e-01   -7.325338e-01    1.593713e+00   -4.381757e-01   -9.435185e-01   -7.214811e-01    1.897825e+00   -2.550632e-01    3.004835e-01   -4.819682e-01    9.095636e-01   -7.148523e-01   -2.329065e-02    9.175415e-01 
   2.461334e-01   -1.420682e+00    2.444195e-01   -7.132067e-01   -9.177467e-01   -9.155041e-01    2.764197e+00   -2.491815e+00   -7.913951e-01    1.505017e-01   -6.930837e-01    1.447058e+00    1.302563e-01    1.554361e-01    3.751450e-01   -1.442046e+00    2.013005e+00   -8.603206e-01    4.795294e-01    1.030451e+00 
   3.344742e-01   -1.253287e+00   -2.281465e-01    2.873271e-01    8.881966e-01    4.199507e-01   -5.507322e-01   -1.614622e+00    9.222930e-01   -3.250447e-01   -5.825352e-01    1.034672e+00   -3.667322e-01    1.599231e+00   -1.202598e+00   -3.783697e-01    1.357798e+00   -1.543632e+00   -1.189422e+00    4.365568e-01 


   0.000000e+00 
  -7.928327e-01 
  -9.359045e+00 
   8.841831e+00 
   5.628151e+00 
  -6.971214e+00 
   7.746946e+00 
  -9.525301e+00 
  -6.770804e+00 
   6.680412e+00 
  -1.100635e-01 
   5.667161e+00 
   7.660288e+00 
   8.188677e+00 
   3.877542e+00 
   6.498219e+00 
  -7.538415e+00 
  -9.943763e+00 
   6.293932e+00 
   3.643774e+00 
  -5.870242e+00 


